0.0 782.0 0.0 0.0 0.0 298.0 0.0 38.0 0.0 0.0 398.0 0.0 0.0 332.0 0.0 0.0 0.0 41.0 0.0 31.0 0.0 246.0 0.0 0.0 23.0 0.0 0.0 23.0 18.0 0.0 
6.0 0.0 0.0 0.0 0.0 6171.0 0.0 3021.0 0.0 0.0 7467.0 0.0 0.0 9610.0 0.0 0.0 0.0 3687.0 0.0 3012.0 0.0 4110.0 0.0 0.0 17.0 0.0 1581.0 0.0 17916.0 0.0 
28.0 0.0 0.0 1001.0 0.0 0.0 0.0 7713.0 0.0 0.0 0.0 13526.0 0.0 0.0 32776.0 0.0 0.0 0.0 23671.0 12066.0 0.0 6799.0 0.0 3.0 0.0 0.0 1604.0 0.0 0.0 4611.0 
9.0 0.0 0.0 743.0 0.0 12718.0 0.0 0.0 0.0 0.0 0.0 227.0 0.0 0.0 0.0 15052.0 16668.0 0.0 0.0 0.0 4655.0 10722.0 0.0 5683.0 0.0 0.0 491.0 0.0 0.0 7403.0 
29.0 0.0 12703.0 0.0 0.0 3020.0 0.0 1801.0 0.0 0.0 0.0 0.0 0.0 0.0 0.0 3243.0 0.0 5491.0 0.0 3089.0 0.0 1956.0 0.0 0.0 677.0 0.0 0.0 667.0 9244.0 0.0 
115.0 0.0 0.0 5562.0 0.0 14313.0 0.0 4443.0 0.0 0.0 3554.0 0.0 0.0 0.0 0.0 0.0 0.0 0.0 5811.0 3206.0 0.0 10365.0 0.0 36.0 0.0 0.0 1127.0 0.0 0.0 5967.0 
12.0 0.0 415.0 0.0 0.0 4420.0 0.0 2173.0 0.0 0.0 0.0 1335.0 0.0 0.0 0.0 5986.0 0.0 0.0 0.0 751.0 0.0 3579.0 0.0 0.0 0.0 0.0 680.0 0.0 0.0 2193.0 
31.0 0.0 40277.0 0.0 0.0 15320.0 0.0 0.0 1007.0 0.0 0.0 0.0 62180.0 0.0 0.0 19424.0 0.0 20559.0 0.0 0.0 0.0 9228.0 0.0 0.0 8620.0 0.0 0.0 3082.0 38034.0 0.0 
57.0 0.0 0.0 0.0 8794.0 0.0 8939.0 3394.0 0.0 0.0 6129.0 0.0 0.0 0.0 6830.0 0.0 0.0 0.0 4156.0 5900.0 0.0 0.0 0.0 31.0 0.0 0.0 1780.0 0.0 0.0 22292.0 
1.0 0.0 380.5 0.0 0.0 1027.5 0.0 0.0 3100.5 0.0 0.0 0.0 415.5 0.0 0.0 1259.5 1515.5 0.0 0.0 0.0 3240.5 827.5 0.0 0.0 0.0 0.0 0.0 842.0 355.5 541.5 
32.0 0.0 0.0 827.0 0.0 8280.0 0.0 0.0 0.0 13047.0 0.0 0.0 406.0 0.0 0.0 10812.0 11650.0 0.0 0.0 0.0 7057.0 7518.0 0.0 0.0 0.0 10101.0 0.0 0.0 0.0 4033.0 
39.0 0.0 0.0 0.0 19930.0 0.0 3184.0 5602.0 0.0 0.0 12775.0 0.0 0.0 3045.0 0.0 0.0 0.0 6412.0 0.0 4799.0 0.0 0.0 10931.0 0.0 6.0 0.0 1261.0 0.0 0.0 0.0 
6.60962701613