0 1.0 0.0 0.0 0.0 1.0 0.0 1.0 0.0 0.0 1.0 0.0 0.0 1.0 0.0 0.0 0.0 1.0 0.0 1.0 0.0 1.0 0.0 0.0 1.0 0.0 0.0 1.0 1.0 0.0 
1.0 0 0 0 0 1.0 0.0 1.0 0.0 0.0 1.0 0.0 0.0 1.0 0.0 0.0 0.0 1.0 0.0 1.0 0.0 1.0 0.0 0.0 1.0 0.0 1.0 0.0 1.0 0.0 
1.0 0.0 0.0 1.0 0.0 0 0 1.0 0.0 0.0 0.0 1.0 0.0 0.0 1.0 0.0 0.0 0.0 1.0 1.0 0.0 1.0 0.0 1.0 0.0 0.0 1.0 0.0 0.0 1.0 
1.0 0.0 0.0 1.0 0.0 1.0 0.0 0 0 0 0.0 1.0 0.0 0.0 0.0 1.0 1.0 0.0 0.0 0.0 1.0 1.0 0.0 1.0 0.0 0.0 1.0 0.0 0.0 1.0 
1.0 0.0 1.0 0.0 0.0 1.0 0.0 1.0 0.0 0.0 0 0 0 0.0 0.0 1.0 0.0 1.0 0.0 1.0 0.0 1.0 0.0 0.0 1.0 0.0 0.0 1.0 1.0 0.0 
1.0 0.0 0.0 1.0 0.0 1.0 0.0 1.0 0.0 0.0 1.0 0.0 0.0 0 0 0 0.0 0.0 1.0 1.0 0.0 1.0 0.0 1.0 0.0 0.0 1.0 0.0 0.0 1.0 
1.0 0.0 1.0 0.0 0.0 1.0 0.0 1.0 0.0 0.0 0.0 1.0 0.0 0.0 0.0 1.0 0 0 0 1.0 0.0 1.0 0.0 0 0 0 1.0 0.0 0.0 1.0 
1.0 0.0 1.0 0.0 0.0 1.0 0.0 0.0 1.0 0.0 0.0 0.0 1.0 0.0 0.0 1.0 0.0 1.0 0.0 0 0 1.0 0.0 0.0 1.0 0.0 0.0 1.0 1.0 0.0 
1.0 0.0 0.0 0.0 1.0 0.0 1.0 1.0 0.0 0.0 1.0 0.0 0.0 0.0 1.0 0.0 0.0 0.0 1.0 1.0 0.0 0 0 1.0 0.0 0.0 1.0 0.0 0.0 1.0 
1.0 0.0 1.0 0.0 0.0 1.0 0.0 0.0 1.0 0.0 0.0 0.0 1.0 0.0 0.0 1.0 1.0 0.0 0.0 0.0 1.0 1.0 0.0 0 0 0 0.0 1.0 0.396321070234 0.603678929766 
1.0 0.0 0.0 1.0 0.0 1.0 0.0 0.0 0.0 1.0 0.0 0.0 1.0 0.0 0.0 1.0 1.0 0.0 0.0 0.0 1.0 1.0 0.0 0.0 0.0 1.0 0 0 0.0 1.0 
1.0 0.0 0.0 0.0 1.0 0.0 1.0 1.0 0.0 0.0 1.0 0.0 0.0 1.0 0.0 0.0 0.0 1.0 0.0 1.0 0.0 0.0 1.0 0.0 1.0 0.0 1.0 0.0 0 0 
